125.88676500320435
17.22787308692932
21.405749082565308
39.43032193183899
18.277935028076172
18.092305898666382
15.163184881210327
14.889217138290405
14.270991802215576
73.43732023239136
18.884516954421997
7.433313846588135
5.17249608039856
37.01278805732727
65.81967997550964
15.944154977798462
53.47413921356201
15.991915941238403
18.33213210105896
28.21122717857361
15.900375127792358
24.368706941604614
73.1806070804596
59.40060997009277
34.35216999053955
19.372748136520386
48.2662878036499
28.831290006637573
15.936795949935913
30.979520082473755
21.383699893951416
15.913299083709717
1.8436839580535889
17.699581146240234
35.98624587059021
15.290419101715088
14.392693996429443
54.98173785209656
15.215283870697021
25.722893953323364
57.39450407028198
15.937304019927979
15.048086881637573
14.185168981552124
53.55682587623596
47.61062717437744
22.55778479576111
15.857357025146484
17.547582149505615
17.371276140213013
14.920084953308105
15.96127700805664
14.908695936203003
14.022634983062744
37.29105305671692
30.57879400253296
14.873806953430176
14.881990194320679
15.939043998718262
14.252264022827148
26.00612497329712
16.969939947128296
13.90618085861206
22.268301963806152
30.780520915985107
37.95183300971985
14.920737981796265
14.06894302368164
14.103816032409668
29.23125720024109
65.1716160774231
19.77947998046875
20.103003978729248
29.16158699989319
19.540985822677612
37.62431502342224
15.994575023651123
13.946271181106567
42.1247980594635
27.571122884750366
21.787524938583374
30.69760298728943
68.41267895698547
30.72510814666748
14.825761079788208
43.05445694923401
25.308017015457153
23.711007833480835
24.907837867736816
57.20653295516968
42.31291604042053
22.78625202178955
26.39656400680542
21.630017042160034
27.59879493713379
86.61162495613098
21.865094900131226
34.775964975357056
22.107851028442383
24.95514988899231
32.97451305389404
14.901466131210327
14.899376153945923
19.252208948135376
24.427878856658936
22.819200038909912
26.20487904548645
19.277763843536377
20.18102788925171
17.036285161972046
15.896311044692993
16.9646418094635
14.882966041564941
23.29223918914795
14.07543420791626
15.88597583770752
33.418460845947266
21.664597034454346
36.96788692474365
15.155272960662842
14.992193222045898
17.940218210220337
24.962959051132202
16.937483072280884
15.277913093566895
30.76711392402649
16.184126138687134
14.203351020812988
57.044760942459106
1.7996859550476074
25.512753009796143
15.908216953277588
15.393063068389893
14.079936027526855
19.984583139419556
19.293869018554688
48.78117394447327
30.25396203994751
17.340959072113037
37.446094036102295
14.158938884735107
15.24213695526123
17.242688179016113
34.871175050735474
32.73870801925659
51.79409694671631
34.134714126586914
33.144407987594604
24.213075876235962
19.59916400909424
19.83721399307251
13.958148002624512
19.353055953979492
15.926352977752686
64.70524501800537
15.27156400680542
21.09417700767517
1.4194869995117188
42.49385595321655
14.137952089309692
14.334272146224976
23.533145904541016
15.03108811378479
23.55180287361145
14.956898927688599
22.433403968811035
62.92065095901489
22.4195818901062
15.940932989120483
14.006462097167969
15.918583154678345
16.906961917877197
25.050079107284546
16.341814041137695
38.79643106460571
15.097630977630615
14.884108781814575
15.887932062149048
35.26515293121338
14.08168911933899
14.059349060058594
1.4199581146240234
14.031237125396729
30.54406499862671
52.989372968673706
14.88021993637085
20.673642873764038
29.4684739112854
61.96819305419922
19.333116054534912
1.4377920627593994
14.036022901535034
20.98911213874817
15.905669927597046
19.36270809173584
16.882633924484253
33.50625395774841
16.859436988830566
14.93923306465149
14.995933771133423
17.110996961593628
35.48300004005432
1.010895013809204
20.058194160461426
43.35766386985779
33.41260480880737
15.348192930221558
16.960091829299927
47.19392991065979
26.805477142333984
17.61292004585266
14.044148206710815
16.022955894470215
15.969697952270508
23.39428210258484
1.8233590126037598
20.818056106567383
29.82055401802063
22.63659405708313
14.99714183807373
33.27927494049072
37.56321096420288
25.015865087509155
30.802370071411133
1.8521790504455566
14.973181009292603
16.43473482131958
23.197227001190186
29.66746997833252
15.879730939865112
15.04458999633789
15.881139039993286
28.240780115127563
15.17832899093628
28.045485973358154
49.41985297203064
16.309201955795288
33.817988872528076
26.782313108444214
46.97888112068176
31.24652910232544
46.05396294593811
15.301047086715698
16.974917888641357
15.958355903625488
14.246247053146362
30.237872838974
34.45017600059509
14.978861093521118
32.8670380115509
15.02527904510498
134.04305505752563
13.965688943862915
1.8135581016540527
39.11787390708923
14.894474983215332
15.023149013519287
22.76973009109497
16.653614044189453
14.99000096321106
14.297981023788452
14.90750002861023
14.068876028060913
28.271099090576172
15.138180017471313
18.71898317337036
18.327052116394043
1.6678009033203125
14.14302921295166
14.25819706916809
1.857414960861206
22.563071966171265
15.938122034072876
1.4024360179901123
13.997365951538086
16.28485894203186
57.038743019104004
14.155876874923706
98.81442880630493
13.998142957687378
17.276494026184082
45.983845949172974
15.100360870361328
19.412564039230347
3.151566982269287
15.05466103553772
23.618801832199097
16.23686194419861
21.576224088668823
15.332968950271606
17.03497314453125
16.278630018234253
24.396970987319946
14.883336782455444
31.932525873184204
64.57498598098755
14.94690990447998
13.954878091812134
14.225101947784424
14.090614080429077
49.50579810142517
22.487895011901855
15.945719957351685
17.522549152374268
14.988249063491821
16.784590005874634
15.900831937789917
1.929779052734375
13.934384822845459
15.269714832305908
35.23152995109558
16.8941490650177
50.58164191246033
18.183655977249146
15.07921314239502
1.8536078929901123
1.639024019241333
15.074504137039185
1.4179630279541016
15.928736925125122
24.356024980545044
45.95423102378845
38.47465515136719
15.937856912612915
18.83719301223755
15.070613861083984
15.887639045715332
15.917268991470337
16.15505599975586
16.10216498374939
34.27639698982239
1.4238049983978271
46.48467397689819
75.67844581604004
16.116769075393677
15.045636177062988
46.4805588722229
27.793511867523193
42.089661836624146
22.23391103744507
14.917012929916382
23.16603994369507
17.37773299217224
15.46320104598999
22.40979290008545
14.806381940841675
46.46960806846619
39.40325903892517
66.8303279876709
14.31332278251648
58.05952596664429
14.040619134902954
20.94367289543152
51.232991218566895
26.040982007980347
84.61930298805237
33.048709869384766
22.63638687133789
14.930103063583374
22.48706603050232
26.234123945236206
14.208338975906372
26.416841983795166
31.568251848220825
32.268815994262695
17.116201877593994
19.56547498703003
0.6168899536132812
15.021153211593628
20.648101091384888
48.44716787338257
48.87811589241028
16.164665937423706
14.165913820266724
16.635284900665283
14.092833042144775
38.42674708366394
25.074429035186768
1.7904369831085205
15.11883282661438
15.952054023742676
73.55740904808044
22.45568013191223
1.8719258308410645
55.85832190513611
16.974803924560547
29.64183282852173
16.069318056106567
16.977211952209473
22.434607982635498
13.996547937393188
17.140570878982544
15.960686922073364
0.7998950481414795
23.354398012161255
16.87087392807007
13.933326959609985
14.332778930664062
40.62421917915344
14.243721008300781
14.038940906524658
16.10034203529358
16.018123865127563
21.4002628326416
39.81258702278137
15.968559980392456
15.079199075698853
14.745625019073486
27.472328901290894
14.982221841812134
14.282027006149292
14.927090883255005
14.051354169845581
20.8055739402771
25.231063842773438
15.952003002166748
19.589306116104126
18.410029888153076
17.015655040740967
18.036515951156616
28.850426197052002
1.0159480571746826
16.281708002090454
19.813955068588257
15.943285942077637
28.35939598083496
15.704948902130127
15.991742849349976
17.018644094467163
27.677499055862427
4.843787908554077
19.579556941986084
35.87735390663147
14.20212197303772
1.8187451362609863
16.028959035873413
19.261209964752197
1.6033809185028076
16.025383949279785
15.945239067077637
15.956406116485596
33.708261013031006
43.81269288063049
22.79994797706604
14.246456861495972
24.880503177642822
21.14299702644348
24.323880195617676
21.886350870132446
0.8088560104370117
15.002284049987793
15.970301151275635
20.184119939804077
23.60616898536682
1.6844608783721924
15.951682806015015
17.590912103652954
26.526999950408936
24.512990951538086
14.267742156982422
46.549731969833374
14.068420886993408
39.111576080322266
44.82010293006897
38.24346089363098
33.41059994697571
14.13106894493103
14.957648038864136
