2818.4141030311584
34.19447588920593
8.74126410484314
5.10896897315979
303.9915840625763
7.524203062057495
28.58524489402771
17.462636947631836
13.585711002349854
58.83507704734802
190.938640832901
32.86186218261719
55.85785508155823
29.070138931274414
2.020449161529541
4.122612953186035
97.2724928855896
7.163757085800171
3.0117928981781006
52.27246689796448
12608.145781993866
36.26360607147217
5.69619607925415
20.081203937530518
8.450246095657349
5.76447606086731
4.7148518562316895
8.499583959579468
14.004541873931885
8.70496392250061
5.026968002319336
7.547228097915649
5.568748950958252
6.416039943695068
12.285995960235596
5.910506963729858
5.725980043411255
5.318274021148682
4.854150056838989
4.511596918106079
11.483457088470459
5.01355504989624
5.17095685005188
5.508892059326172
4.927333831787109
5.163603067398071
5.046669960021973
5.3261799812316895
5.223931074142456
4.396878004074097
4.919357061386108
5.0997841358184814
5.365355014801025
4.505774974822998
4.596932888031006
5.079575061798096
4.199594974517822
10.049843072891235
4.2981791496276855
5.298788070678711
5.2779459953308105
11.819912910461426
5.237586975097656
5.109709978103638
5.000572919845581
4.512661933898926
4.637893915176392
5.359914064407349
12.012537002563477
4.779078006744385
5.089934825897217
11.98836898803711
5.291975975036621
5.025748014450073
10.410738945007324
11.78208589553833
5.1591949462890625
5.325016021728516
10.972841024398804
4.795007944107056
5.329827070236206
5.059267044067383
11.593506097793579
4.680341958999634
5.675755977630615
6.318480968475342
56.79834604263306
23.10792088508606
23.69953203201294
15.349370956420898
13.291254043579102
13.006603956222534
29.566015005111694
4.755234003067017
102.18940901756287
12.00244402885437
11.796974897384644
10729.368259906769
154.79455614089966
27.42119812965393
22.148391008377075
8.496984958648682
20.398788928985596
9.878104209899902
11.767529010772705
9.604470014572144
8.673801898956299
12.296328067779541
40.721559047698975
14.206820011138916
18.71215581893921
8.486167907714844
7.969311952590942
28.52936291694641
19.389852046966553
10.33120608329773
17.555339097976685
17.37685203552246
12.165704011917114
13.742398977279663
7.935221910476685
23.960833072662354
8.539032936096191
8.880198955535889
8.191080093383789
23.03048014640808
7.996393918991089
25.628729104995728
15.563441038131714
68.50862884521484
8.126187086105347
18.481833934783936
6.926350831985474
8.05577278137207
8.198606014251709
9.943932056427002
10.166306018829346
14.936779975891113
10.28148603439331
441.72354102134705
1391.2545139789581
8.875563859939575
19.748147010803223
36.4278039932251
5.335091829299927
104.7697319984436
5.516891002655029
8.343240976333618
12.839362144470215
23.239771127700806
5.648558139801025
11.533781051635742
5.60549783706665
11.97666883468628
47.652328968048096
181.18747210502625
648.160591840744
5.107314109802246
22.20313811302185
2528.6824009418488
657.7283899784088
161.74348497390747
6.160366058349609
19.485613107681274
7.369994878768921
659.4256649017334
24.007714986801147
319.6146891117096
55.184000968933105
50.68227195739746
546.0073130130768
8.168260097503662
8.340309143066406
68.59498381614685
18.249770164489746
12.602279901504517
15.470304012298584
6.599501132965088
16.852699041366577
7.516641855239868
16.142255067825317
7.5730109214782715
25.974012851715088
7.800889015197754
8.145241975784302
12.008519887924194
18.155601978302002
7.713428974151611
8.643562078475952
34.22294592857361
7.3954150676727295
55.98150897026062
214.9740810394287
115.04767298698425
22.183427095413208
37.5291531085968
8.26197600364685
24.96533703804016
166.2109580039978
179.06179404258728
159.15307998657227
397.46595883369446
832.0868089199066
10.28261399269104
137.5522210597992
30.126487970352173
14.092376947402954
21.19170618057251
78.6284658908844
125.75445580482483
12.54763388633728
13.928889989852905
21.1618230342865
7.316699981689453
53.10022807121277
5.89037013053894
96.25005221366882
98.55717587471008
30.66677689552307
4.9643940925598145
6.50952410697937
29.81651282310486
6.330927133560181
14.988896131515503
4.091048002243042
4.949894905090332
13.648198127746582
27.42951798439026
30.990921020507812
31.298043966293335
15.28591799736023
237.4938428401947
8.93801999092102
11.396456003189087
10.116940021514893
9.575617790222168
16.085624933242798
13.7583589553833
57.640263080596924
133.2205400466919
24.407965898513794
11.932048082351685
29.165894985198975
310.8866240978241
25.534094095230103
193.20493912696838
21.926066875457764
44.29012894630432
297.5988528728485
32.19953799247742
300.5401351451874
51.3879280090332
13.258177995681763
4.897794961929321
23.802809953689575
51.064088106155396
37.724812030792236
22.181540966033936
18.761115074157715
24.9187970161438
11.091600894927979
12.080633163452148
3.8497860431671143
18.56001305580139
4.883001089096069
28.04454803466797
9.303389072418213
28.757051944732666
38.27166819572449
35.58371090888977
53.8103461265564
95.6110270023346
72.01484203338623
56.35260510444641
